1000_15s_128fPANet.ipynb
      2  0.5900 
      2  0.6600 
      2  0.7100 
      2  0.8000 
      3  0.7700 
      4  0.6300 
      5  0.6000 
      7  0.6200 
      7  0.6800 
      7  0.7500 
1000_15s_64fPANet.ipynb
      2  0.6700 
      2  0.6900 
      3  0.6200 
      3  0.6500 
      4  0.5800 
      5  0.6400 
      5  0.7200 
      5  0.7400 
      6  0.6300 
      7  0.5900 
12FC.ipynb
      7  0.5300 
      7  0.7600 
      7  0.8000 
      8  0.5400 
     10  0.7500 
     12  0.7400 
     18  0.7800 
     22  0.6900 
     24  0.7900 
     31  0.7700 
1again12fc.ipynb
      7  0.7200 
      8  0.7300 
      9  0.7400 
     10  0.5800 
     11  0.6800 
     11  0.6900 
     13  0.7700 
     18  0.7500 
     21  0.7600 
     30  0.7800 
250_15s_128fPANet.ipynb
      1  0.7200 
      2  0.6000 
      2  0.7400 
      3  0.6100 
      4  0.6900 
      5  0.6600 
      5  0.6700 
      8  0.6400 
      9  0.6800 
     10  0.6200 
500_15s_128fPANet.ipynb
      1  0.5800 
      1  0.6300 
      1  0.6400 
      2  0.6100 
      2  0.6200 
      4  0.5900 
      5  0.6600 
     10  0.6000 
     10  0.6500 
     10  0.6700 
500_15s_64fPANet.ipynb
      2  0.6000 
      2  0.6300 
      3  0.5700 
      3  0.6100 
      3  0.6600 
      3  0.6800 
      4  0.5800 
      4  0.6200 
      4  0.6400 
      9  0.6700 
again12fc.ipynb
      8  0.7600 
     10  0.5200 
     11  0.8000 
     12  0.7400 
     13  0.7100 
     13  0.7500 
     14  0.7800 
     14  0.7900 
     22  0.6900 
     23  0.7700 
